917504552810
919611249810
917008980380
918910735167
917008613369
919534021389
917077473804
917978908722
918658622019
917381111164
919886949713
918895500817
919853380164
919439950366
918260591038
917751828187
918249464850
918249281502
919876543210
919337976985
917978750408
917948214684
918328915453
918018211821
919692841054
917978821199
918458018788
917809808650
918328952791
919861056343
919439777128
919884011428
917978545537
918977174441
919937015459
919777403471
917205732181
918599006333
919439790655
919575154162
919348872859
919425826804
918093297502
919438845820
919861111303
919437316745
917750909224
917377432923
919439533302
919348243096
919437053642
918093024764
919438907677
917682860191
919437222628
918260763890
919776655939
919437045951
919861008489
917735947257
919437324761
917008548218
917008551244
918602088263
919861426831
919938389499
18895442384
917978520840
919337597385
917377775518
919113197712
917676016375
917797892123
919776854793
919437837894
919437502297
917377557377
917978583458
919692190439
919437266829
917978503512
917873293383
919437137858
917008600691
919090235045
919583188977
917381991699
918895914299
918875967194
919827748415
919692220001
919937118036
918327763682
919437758702
917008764864
917750031474
917978697692
919438606160
919437152119
919439392281
917008943962
919040535601
919861366570
919437347359
917008251208
917008353181
919938423722
919425534683
917894561662
919937529970
919937005664
917978215520
919437979395
918008687333
919937503337
919556144702
919263634233
918895444404
917327032146
918895609783
917049850000
919930617796
918770467102
919937048444
918978172825
919937328407
917381064350
919437220539
919658714927
917077063684
918260555400
919439695829
919937815999
918260904618
919937771228
919938320083
919938536299
919937510833
919438400447
917008798400
919399678586
918658400205
919938533099
919131033760
919776698124
919777412369
918249785931
918637203388
919437127171
919972446693
919438479697
919771814686
917894066903
917606011603
917461927506
917044481481
918458013580
918917489100
919853422021
917008931202
919437420056
919437222653
918763026868
919642804727
917253800710
917008351811
919424149761
919776876078
919337913151
919438122133
919668206056
919437429891
917873428979
919178304245
919337447817
919490312983
917000371599
919338472811
919583545004
919439432048
918051223280
919438648327
919776711311
919668494878
919348622095
919437333191
919937560507
919691764725
919861121943
917066019235
919938311204
919124069761
919262294389
918763578437
919650697476
919776145309
919337938122
919777893783
918770914838
919777451287
917008136754
919178451731
917797087227
919771416107
919439365263
918926078165
919534115559
919301268082
918093900388
919113741372
917978535451
918457042841
918637297139
919964100517
918917321051
919861284384
919937019462
919777822563
917978484257
919937773355
919438523785
919861634243
917008324132
919668436497
918895870484
917978599387
919300621181
919777458359
918280709009
919583580560
919439033975
918658123123
919337352190
918599963584
919937926267
917788932366
917898905467
919937306657
919439000320
918895265449
918339007477
919438785459
917978655294
919777026513
917852944411
919937890130
919464867969
919237061704
917008113882
919437052120
919777811227
919438877311
917008433797
919437083314
918917582038
919668066144
917008566388
919938817719
918249012225
919237063773
919438275191
919437933182
919439222814
917008294674
918658191018
918763779255
917504476082
917008451107
919583851841
918597738065
917684059441
919717246491
917978354200
919937058650
919861006680
919437051777
918895494892
918327747539
919040660878
919437402459
918339099891
919078979744
919326277660
919040030636
918895948548
919861058315
918093688210
919263089627
917978688728
919438472777
919937294323
919937457076
917608956482
919439392494
919712907370
919583361718
919238449193
919437193032
918457913611
917978586197
919437139470
918280062988
918457913611
918658687099
917504608446
919777433444
919937207866
919937072187
917205008106
917838716971
919861868559
919937665987
917682829032
918249603912
917008737273
919437179817
919078222480
919938938886
919160481948
917873000006
918926006865
919937055439
919238306217
916371777958
919861256648
919040639913
918456814354
917008837673
918281170015
919337350095
917381840646
919937019783
919692397410
919040434440
919040880407
918117826063
919827314551
919040501395
918280014170
918249895507
918895500565
919090300930
918895500949
917381052643
919778442080
919437116177
919438624803
918249887513
919861160804
918260490955
919040521800
919861576678
919778061284
919937645061
919861184209
919437340742
917978185441
918763798102
919437647286
919439552281
919437083038
918327792029
919438392828
919861955756
917848800441
919438209350
917008136355
919437265380
918249149615
919040515846
919861295370
919437198921
919337883976
917656019334
919938423319
917008765208
918908275255
919937260444
917903235693
919438045673
917008055473
919938838662
917205700601
917381612134
919437153023
919303755720
917978369118
917008283811
917008574674
918558879038
918709343029
918895838505
917008357588
919658872017
919348152729
918861455185
919040043988
918077357927
917008322645
919949768921
917978914011
919658513067
918018500427
917008918342
919658521844
919438392911
919011752593
918144443956
919937430418
919938090100
917008018155
917999705369
919437874563
919778484601
917008574674
918260273815
919668569992
917752026257
919937072631
918959122221
917064007111
917977082266
919583529869
917291855514
919937259969
919583254981
919438240090
919337793388
917008575863
918763905325
917008409917
917008904104
916372818500
919439492775
917326005878
917077646664
918018043205
919348149061
917681899405
919438426379
919861449840
919120606753
919438125617
91779911575
919937871601
917978813906
919348576656
919078342065
917978643173
919078695017
919437609153
919337556265
917204725919
917852954535
919742011133
917978448095
919437409743
919776261455
919777981111
918984584480
917008571634
919827948185
917752020987
918339991758
918270168924
917978868234
919937061970
918093107612
919429001315
917377769329
919337806904
918249077760
917008261671
917008083026
917988036274
918861613895
917008872366
917008327563
919776580187
919938034884
917008228949
919438855118
917011375355
919937742409
917327801400
919937217027
919861003555
917008567833
919861003555
917978656936
919439533478
919861036786
919437194159
919439536068
919853045520
919701257829
916370413933
919523725483
918895916987
917008029994
919348862336
917980807728
919438168380
917569742438
919078692507
917008907274
917980807728
919861712345
917327983057
917682867926
917978128835
918249341915
918456057904
917978632413
917008166005
918598800561
918280517155
919861518896
919437360924
918763778347
917987232250
917008509458
919699972661
917008530210
917683892957
918249306263
918763220826
918895967686
919778559194
918541956374
919938026940
919471312117
917008172518
917978418115
919668063520
917978066738
919668394336
918553979121
919776646646
919656246224
919437355993
919437363284
917064052302
917205533360
919348820690
919348473575
919337662680
917008288394
917008765824
917064475143
918897485425
917978770835
919937235777
919348473575
918637282570
918917546171
919938221831
917735269600
918763800582
917869471139
919949925893
919040082911
917684094129
918249563220
917014621174
919938546490
917847801216
917205745814
917008217595
917077743511
919853080555
919778296821
919079892819
918249845445
919861549519
917978937771
917987726041
917008920946
917008688841
918658376041
917978938124
917873000006
917978063874
919861637030
919473131009
919778057812
917205212168
919178448042
917978798300
917008270727
919770937327
917763802033
917008197185
919739593882
918895230557
917978108791
919348794623
917064584195
918919266513
919776183325
919861568967
917008956343
917735661187
919861573699
918455868135
919437085376
917504007559
917873872888
919861569606
919861606579
919789474490
919938661641
918895044143
917010483065
917504007559
918249996599
919337588911
917008499717
919940883055
917077062324
917989112392
919776041698
918455867905
919835194309
919438713120
917008604769
919778233784
917077409019
919052999947
919144234345
918073836763
917873341561
919010251808
919437175923
917978796924
916370266912
918249252056
917008375027
918369549662
919437059433
918369549662
919178753344
919439814646
919937510910
917008779773
919827215240
917008779773
917498741128
919818021187
919668694342
919936497128
918249698460
919988777743
919348822668
919090194743
916287099609
919687699109
919437909976
918658829331
918908490182
919937783900
919937237318
919777766658
917008500946
917381595766
919337821616
919438488280
917978835769
916371216441
918917210278
919437444999
917008628241
918144542615
919861850450
919178272539
919777212140
919348241994
919882478331
918763788937
918050039755
919827809992
917008628241
919579600960
919348033535
918260333302
918455040598
919632311137
918895549898
919668866983
917836035215
917992423767
917008520781
916371330474
919938321818
918847868248
917008520781
919109120882
919861366670
918917596045
919937360170
918917435703