919755330372
918252728767
919425233941
918917358398
919937215333
918018119642
917008817161
918763178859
917717732856
917000603462
918018038787
917077637805
916376240882
918303936494
916371517362
919090270665
919777038184
919937316413
917752041963
919938401617
918287925250
919304900539
919090270665
918249616184
919717704037
919040443472
918114386836
917008969390
919438771064
918884437121
919437003566
917978022650
919777698397
919040755562
919002843731
917008361780
919632636600
919937464943
918018658451
919861470439
918249753109
919777114331
917004020614
919778899997
919515267530
919348021418
919178373245
918458082766
917978662952
918917414144
919938731080
917809378102
918249098833
919897055653
918249653329
918983640197
919124999978
918249159740
919262294365
919040601937
918328920374
918249060437
919437657634
919755636100
917008322589
918826337198
918249060437
918249159740
919861743325
919776090999
917377918525
918340280411
918249098833
919861084408
919082607906
919937015987
919692129933
919078059171
919938822318
917042520307
917008268122
918598990210
918596933547
919547096044
919424468651
919437040221
917008520774
919178591927
917978830004
918249336641
919178591927
917978389500
917008555430
919090303023
919556113357
919347029619
919337995643
917008666129
916201123738
919522867200
919552577125
919770937237
917894417858
917894922188
918971466904
919437253439
917894877419
919438336284
918249040623
919937530310
917735247878
919668507007
917008217644
917377263846
919337983060
917894617617
919437428615
919124550000
919777549711
919795178971
919861052920
918895541221
919178638528
918249102917
919437048374
918319181990
919040534894
917008083762
917978676711
917978664506
919040005151
919583469561
917008636406
919993866637
919090367794
919938231581
917735155161
919821115404
919937100000
918917499477
919713520000
918895294004
918455865031
918895504336
917978990699
919438847071
919337900522
919556010713
916371635178
919981208006
919861592049
916370037126
917631142434
917008783737
917008984028
918114648600
919871477887
919124186060
917979817665
918596029079
917979613324
916370210858
917723013895
919348980235
919827777952
917536009440
919668581991
917008136765
917978998370
917653809742
919337752438
919040493726
918327713670
918917676715
919040892531
919692653973
919583532528
919040132268
917008482039
916372272645
918658481911
918789918773
919437683570
918018134959
917440185285
919337924581
919937083066
918847812923
919938506111
918249851769
917990095571
918337933476
918763007187
919853373210
917016806409
919438634488
919507068896
919692833657
918895503323
919437199013
919583322577
917205253969
91797869958
917855881504
917751844326
919556848903
918908634959
917894260801
918917665099
919937104525
919599735202
918658481911
917008522973
917077026910
919861856913
919556735177
917681827721
918658413907
919685040000
917077034444
919658253846
918249636166
919937210395
917978747593
919938653282
918917288879
919938124118
917799812696
91700860356
917381015086
918249275900
917847007784
917978864681
918249115538
919337357931
919039272354
918763260491
919937084016
919861044625
919777999079
918697777477
917008821176
918895355087
919359364466
919669787800
919000641839
919040626626
919724895975
919778086223
918984676858
919938084602
917008944043
916371444647
917008834835
918328861237
917004275133
918085663355
918945960765
917978337046
917008893791
919861285466
919437249024
919437663604
919861829452
919437255993
919658710140
919078838436
919078838436
919348963920
917008542236
918455939932
917656804060
918457894117
9178009294857
918018272425
919583566777
919778210165
919777259249
918327789065
919237128826
919078838436
919658710140
917827216201
918093174557
919179454842
919658727280
918917263475
917064206430
917008199822
919337949636
919777454089
917978745924
918327763076
917978138098
918457805242
917024903111
917008344150
919437039842
916371918182
917008926780
919752491737
919752491737
919437598950
917205888933
919545564061
918103151821
919438690499
918984824090
919739620288
918018043275
916372625782
917873771129
919337042598
919861043093
917880606929
919438164277
918658345941
917008619455
918270028357
917894991712
919438310041
917077015473
918249389729
919437047061
918249385922
919438656287
917008586640
917855043370
917008865346
918240440128
917377147247
919776025201
917978309695
917339871490
919776184873
919937006684
919439430512
917008322463
917608934076
919802601715
919078141818
917077911781
919776792790
918458082255
917978436243
917978436243
919981099555
918093940608
918280300008
919337127659
917004811164
917004811164
917488250324
917804998737
918327765114
917008336800
917008336800
918280472147
919123262614
919178800833
917896698195
919771491533
919439055292
91943704872
918658982026
917978099022
919668980966
918018098710
918917600021
919658412669
918637282812
919937294189
919178306181
917064425695
918895184559
919238405605
917978462689
919437173355
918340773620
919938953292
919040500346
917205375133
918457079873
918895503556
919861350818
919668998872
918434476829
917978719087
918018099889
918085147295
919437046667
916371687064
917205808242
917064646100
919437417697
919438642027
917738692366
916370544760
919437047302
917873330749
918249316594
919348717988
917978129879
919692824375
918961438619
919265692313
919779589737
919845084649
919238253145
917003486265
917894050565
919437247515
918259603827
918249603827
918454950468
919437222255
917000595701
919861036686
919775505845
919937034001
919348155792
919861160874
918088442633
919937119764
919437348349
917978242799
918895504284
919237128826
919508767315
917008780115
918280323499
918123909373
917978329486
918328852756
917008914847
919583609120
919437448048
919777487095
918750813792
917008239533
918260504997
919668541054
918658616686
919938193082
919801367116
919827462892
919178575995
917854822291
919938198001
919078072502
919009184205
919691198351
919583838392
916370970070
917205032123
919204203858
919668221208
919975489889
917978674436
917077973089
917008497915
918827811710
917978849213
917847815322
919090312694
919179137561
917489073405
917978405306
917377800356
919777830665
919348517854
91986122400
919337906070
917666003794
917008368900
918249364472
919658800039
918763548349
917978910479
918375950523
917008865439
919153100441
918260716441
919937465613
919437045378
919937006033
919938902063
917992232950
919178715355
919861676768
918860077003
919437148553
917325808517
919437126803
918908219564
917735909743
919634870989
918249875520
919583380147
919999999999
919777582681
917008922327
917008922327
919438879650
919776940944
917004219893
919776988963
917978725752
919937956761
919437031947
919986832853
917682834720
917750834951
919938781989
917008418076
917548073466
917011494282
919973511667
918249217772
918327794655
919178952111
917008502749
917008502749
918249404471
917848871814
918917359949
919437083239
919437421890
918249787165
917898333517
919993332007
917207929617
918763787639
919437541793
917978354525
917847984980
917008317026
919938788794
917978819026
917008465269
917978778907
919437144637
917978185005
917987729084
919861577211
919438076531
919861254247
917008302204
919437042296
917750989409
919124965558
919853199922
919583382380
919937594143
919861242926
917008175092
919078374892
917874203320
918249176634
919937285985
917008005174
917008005174
917008057218
918018722760
918847882714
919861229973
918249538571
917328800760
919552577391
919937520618
917735304215
917008178121
919853147832
917855070663
919776165291
919122222223
917004276192
919438811491
916371569899
919439234690
918093132338
919386229686
919776987623
917043349902
917735951279
917008304602
918889026947
919938261529
919608044192
917735455566
918917269552
918878111039
919937855273
919938279191
918270676949
917504844848
917894889993
917008670105
917684842861
919861678820
917008459223
918658589997
919861346965
918249352036
918249352036
917008555402
917008087433
919853877171
917894461808
917787884444
919692681612
918073606862
919931585201
917205615016
919776413260
916370717769
919937325026
919937034833
919938803599
918249373152
919040288602
919437083502
919437083502
919439807808
918917207772
919861015345
919861015345
917860889267
918917488285
919348414620
919806759264
919337340422
919938090060
919437052599
919938255071
918917446080
917978159016
918763299621
919861008293
918895837646
917752068855
919668994565
918328826424
919938207137
919861104812
918249851323
919692009643
918895919695
919827982054
919438112636
919284789141
919938158255
918117045456
917381797979
918420461455
918917250676
917077860386
918917617346
918658700426
918917235899
918123307343
919178220210
917978104869
919777601136
918249778004
919040503671
918977578911
916371515600
919861865172
919828885322
917381186537
918658099508
919438640301
918926099301
919591674842
919937977748
919999976627
918895219492
918108249795
918861743434
919437342964
918280300235
919769328217
919178153590
917978733933
918280242207
916370980920
918117847068
917008870759
919089260309
917008556015
918895109201
919437011462
917008365156
917735777560
917894346035
919938220757
918392878238
919556663114
917008166016
919668656025
919122777779
919437542823
917988158522
917988158522
918100477266
918327713697
917894986338
919937034080
919348775902
919176481422
918658430842
918925623971
917008052115
918658603129
919438866665
917008444383
919348704023
919437860825
917503268099
917978401007
917008331072
919776368786
918328962920
919078067178
917377688120
918788059508
919861598212
919778798930
917070202098
919556239623
919437202687
919692623823
919098789098
918376879313
919938446518
919522114442
919937784962
918918115457
919516743022
919178236406
919040277149
919668489408
918658520453
917751873293
918984610506
919337153491
919430372701
917008700725
918456963120
917077218345
917978563662
919776614159
917829736572
919668568487
919348472948
918018690167
916370632590
919918467974
919938851569
917008417373
918818880139
917978211442
917978937771
919776320844
918249084054
917848820512
919999999999
919888898888
917000574101
918763322460
917684087331
916370141791
919437421890
919337985633
918559050294
919938221420
919561424466
917749927905
917873629071
917008610217
918280142186
918249542951
919438143154
919937586452
918847813640
919348544500
917205670627
919938373986
919853144403
919439869179
917008867401
918847837928
917488116837
919381731170
919438845395
919437175945
917226084574
919624674034
916387308580
919861166887
918249842645
918018082273
919337269253
917978260939
919348135978
918637217518
919784523999
918249529010
919040295128
919438493261
919040450050
919777311014
917325994626
917656813286
918249911994
917597379543
917609820926
917999713182
916370571954
919437683878
916371265311
917008802009
919777575860
918093087540
919776447875
919406027740
917682962259
917751995390
917377163729
91824981919
919937195010
919776629392
919437909550
919437101088
919348773318
917008326929
919937807778
918381366044
911234567890
918093771390
919437051043
918895217295
919439777128
919439777128
917655019551
919437033041
919937477251
917978010477
918217783418
918763646501
917894762728
919861341786
919437042510
919437002596
919776104374
918895217294
919556674074
919937128222
917008479586
918895805386
917008987051
919438014355
919438877376
917004140605
918249703775
917894016188
919348489747
917735745592
919301332525
919861920320
918303021217
918839371933
917077538828
918526222229
917377298618
917008102106
919447735530
919178278078
918234947472
917205174188
919437210677
918249575210
919938028933
917894016188
918637233939
919797660535
918210131557
917903439831
919090093851
919111005589
919204617322
918763287710
919452935110
919263630979
919437051548
919098027360
918763721900
919934925249
919178941857
918287140281
917682854312
919429998226
918895501485
917608806893
917978922976
917903480506
918210421117
917978541661
919583633939
919800782352
917008926574
917008878714
918079846703
918093413698
918908343211
919776782579
919733908577
919039336760
917021288834
917873008168
917894891055
919827160417
917004362193
917000604549
919424180551
919471117253
917008959467
918117986345
918457841917
919337373337
917425924262
918917672214
919937343138
919938378543
918873035933
919692567758
919237272755
918962915970
919437028425
919465296397
917077205366
917077205366
919776713755
916202857845
919708555576
918270454942
918249332143
918249332143
917008686210
919090778861
917008968086
919437223113
918709446451
917903887056
917903887056
919439869235
918018194889
918827395669
919437091335
919304787747
918328917430
918790356047
919853290156
918260646839
919938294233
918459293860
916299086631
919438325034
919905549435
918092108508
919337063669
917873498647
918763029182
919425575051
919937206888
919199882247
917765949497
919938413696
919769705815
917008180423
918093369992
919937280026
918457055582
919353015074
918327775457
917978687845
919776321753
917986074317
917903580962
917978826282
918984979490
917008500836
919437249949
918917310998
919078690456
919937284888
919523234897
919437780955